{
  "columns": [
    "danceability",
    "energy",
    "loudness",
    "speechiness",
    "acousticness",
    "instrumentalness",
    "liveness",
    "valence",
    "tempo",
    "duration_min"
  ],
  "values": [
    [
      1.0,
      0.573,
      0.711,
      0.08,
      -0.494,
      -0.347,
      0.007,
      0.329,
      0.339,
      -0.633
    ],
    [
      0.573,
      1.0,
      0.738,
      0.053,
      -0.62,
      -0.217,
      -0.035,
      0.252,
      0.278,
      -0.579
    ],
    [
      0.711,
      0.738,
      1.0,
      0.037,
      -0.65,
      -0.391,
      -0.007,
      0.206,
      0.364,
      -0.71
    ],
    [
      0.08,
      0.053,
      0.037,
      1.0,
      -0.088,
      -0.065,
      -0.01,
      0.033,
      -0.008,
      -0.119
    ],
    [
      -0.494,
      -0.62,
      -0.65,
      -0.088,
      1.0,
      0.173,
      0.017,
      -0.271,
      -0.232,
      0.62
    ],
    [
      -0.347,
      -0.217,
      -0.391,
      -0.065,
      0.173,
      1.0,
      -0.033,
      -0.187,
      -0.257,
      0.505
    ],
    [
      0.007,
      -0.035,
      -0.007,
      -0.01,
      0.017,
      -0.033,
      1.0,
      0.027,
      0.013,
      0.014
    ],
    [
      0.329,
      0.252,
      0.206,
      0.033,
      -0.271,
      -0.187,
      0.027,
      1.0,
      0.178,
      -0.291
    ],
    [
      0.339,
      0.278,
      0.364,
      -0.008,
      -0.232,
      -0.257,
      0.013,
      0.178,
      1.0,
      -0.299
    ],
    [
      -0.633,
      -0.579,
      -0.71,
      -0.119,
      0.62,
      0.505,
      0.014,
      -0.291,
      -0.299,
      1.0
    ]
  ]
}